128.600006, 143.800003
213.500000, 179.099991
164.199997, 230.899994
163.000000, 199.800003
232.399994, 117.199989
214.799988, 127.799988
232.399994, 120.999992
189.300018, 142.199997
185.000000, 171.000000
208.000000, 193.000000
170.799988, 184.599991
179.599991, 138.399994
170.799988, 152.800018
179.599976, 117.199989
161.999985, 116.099998
161.999985, 142.199997
161.999985, 106.599991
161.999985, 122.899994
161.999985, 122.899994
161.999985, 122.899994
161.999985, 122.899994
161.999985, 122.899994
161.999985, 122.899994
161.999985, 122.899994
161.999985, 122.899994
161.999985, 122.899994
161.999985, 122.899994
161.999985, 122.899994
161.999985, 122.899994
161.999985, 122.899994
161.999985, 122.899994
161.999985, 122.899994
161.999985, 122.899994
161.999985, 122.899994
161.999985, 122.899994
161.999985, 122.899994
161.999985, 122.899994
161.999985, 122.899994
161.999985, 122.899994
161.999985, 122.899994
161.999985, 122.899994
161.999985, 122.899994
161.999985, 122.899994
161.999985, 122.899994
161.999985, 122.899994
161.999985, 122.899994
161.999985, 122.899994
161.999985, 122.899994
161.999985, 122.899994
161.999985, 122.899994
161.999985, 122.899994
161.999985, 122.899994
161.999985, 122.899994
161.999985, 122.899994
161.999985, 122.899994
161.999985, 122.899994
161.999985, 122.899994
161.999985, 122.899994
161.999985, 122.899994
161.999985, 122.899994
161.999985, 122.899994
161.999985, 122.899994
161.999985, 122.899994
161.999985, 122.899994
161.999985, 122.899994
161.999985, 122.899994
161.999985, 122.899994
161.999985, 122.899994
161.999985, 122.899994
161.999985, 122.899994
161.999985, 122.899994
161.999985, 122.899994
161.999985, 122.899994
161.999985, 122.899994
161.999985, 122.899994
161.999985, 122.899994
161.999985, 122.899994
161.999985, 122.899994
161.999985, 122.899994
161.999985, 122.899994
161.999985, 122.899994
161.999985, 122.899994
161.999985, 122.899994
161.999985, 122.899994
161.999985, 122.899994
161.999985, 122.899994
161.999985, 122.899994
161.999985, 122.899994
161.999985, 122.899994
161.999985, 122.899994
161.999985, 122.899994
161.999985, 122.899994
161.999985, 122.899994
161.999985, 122.899994
161.999985, 122.899994
161.999985, 122.899994
161.999985, 122.899994
161.999985, 122.899994
161.999985, 122.899994
161.999985, 122.899994
161.999985, 122.899994
161.999985, 122.899994
161.999985, 122.899994
161.999985, 122.899994
161.999985, 122.899994
161.999985, 122.899994
161.999985, 122.899994
161.999985, 122.899994
161.999985, 122.899994
161.999985, 122.899994
161.999985, 122.899994
161.999985, 122.899994
161.999985, 122.899994
161.999985, 122.899994
161.999985, 122.899994
161.999985, 122.899994
161.999985, 122.899994
161.999985, 122.899994
161.999985, 122.899994
161.999985, 122.899994
161.999985, 122.899994
161.999985, 122.899994
161.999985, 122.899994
161.999985, 122.899994
161.999985, 122.899994
161.999985, 122.899994
161.999985, 122.899994
161.999985, 122.899994
161.999985, 122.899994
161.999985, 122.899994
161.999985, 122.899994
161.999985, 122.899994
161.999985, 122.899994
161.999985, 122.899994
161.999985, 122.899994
161.999985, 122.899994
161.999985, 122.899994
161.999985, 122.899994
161.999985, 122.899994
161.999985, 122.899994
161.999985, 122.899994
161.999985, 122.899994
161.999985, 122.899994
161.999985, 122.899994
161.999985, 122.899994
161.999985, 122.899994
161.999985, 122.899994
161.999985, 122.899994
161.999985, 122.899994
161.999985, 122.899994
161.999985, 122.899994
161.999985, 122.899994
161.999985, 122.899994
161.999985, 122.899994
161.999985, 122.899994
161.999985, 122.899994
161.999985, 122.899994
161.999985, 122.899994
161.999985, 122.899994
161.999985, 122.899994
161.999985, 122.899994
161.999985, 122.899994
161.999985, 122.899994
161.999985, 122.899994
161.999985, 122.899994
161.999985, 122.899994
161.999985, 122.899994
161.999985, 122.899994
161.999985, 122.899994
161.999985, 122.899994
161.999985, 122.899994
161.999985, 122.899994
161.999985, 122.899994
161.999985, 122.899994
161.999985, 122.899994
161.999985, 122.899994
161.999985, 122.899994
161.999985, 122.899994
16